86,8962
86,2751
86,0808
86,0041
86,1585
86,0013
86,4055
86,1024
86,1445
86,1668
86,0827
86,3476
86,5638
86,1987
86,9041
86,3404
86,1046
86,5499
86,0823
86,4534
86,4676
86,7764
86,3003
86,1061
87,3124
86,1137
86,0761
86,6077
86,6634
86,2315
86,6246
86,0837
86,5918
86,0994
86,8427
86,2072
86,6033
86,447
87,1177
86,4082
86,0567
86,323
86,3678
86,2115
86,0368
87,3625
87,8204
86,943
87,1923
86,2024
86,2372
86,1093
86,3599
86,1569
86,4526
86,0784
86,0487
86,0257
86,35
86,2097
86,2445
86,1571
86,175
86,8004
86,113
86,0162
86,092
86,1644
86,009
86,03
86,0781
86,0583
86,7512
86,0844
86,7122
86,175
86,4282
87,9957
87,4285
86,5636
86,4137
86,2513
86,2477
86,2856
86,2871
86,161
86,5277
86,0139
86,2081
86,1584
86,2367
86,7246
87,0757
86,5981
86,0616
86,0541
86,6974
86,2468
86,2753
86,198
