69,1917
69,1191
69,4029
69,6876
69,0854
69,1621
69,4407
69,426
69,0494
69,2216
69,2747
69,1691
69,0622
69,7405
69,867
69,9518
69,0941
69,131
69,289
69,1328
69,0025
69,1533
69,3139
69,1415
69,6021
69,0444
69,1048
69,8101
69,302
69,2754
69,0076
69,4054
69,0101
69,0856
69,0233
70,1349
69,4546
69,0832
69,092
69,1041
69,0701
69,2204
69,3217
69,3311
69,517
70,0202
69,3473
69,2306
69,6305
69,1782
69,1959
69,1432
69,3247
69,3225
69,3735
69,1906
69,8892
69,0467
69,5691
69,1247
69,2116
69,4064
69,5259
69,2593
69,2476
70,2678
69,2545
69,0403
70,9907
69,6326
69,275
69,0491
69,6186
69,7584
69,415
69,0422
69,5019
69,405
69,0486
70,3493
69,3958
69,185
70,0852
69,5395
69,0616
69,1377
70,4879
69,1214
69,7213
69,206
69,0042
69,5227
69,3001
70,8214
69,1162
69,0335
69,8703
69,4621
69,007
69,2835
