77,0901
77,5705
77,1889
78,0536
77,369
77,2179
78,5529
77,5274
77,0099
77,3348
77,2345
77,3255
77,1979
77,6066
77,41
77,1158
77,0461
77,8529
77,3654
77,4936
77,2567
77,5009
77,3708
77,1142
77,2327
77,1986
77,3731
77,0683
77,1814
77,2591
77,8038
77,0921
77,0649
77,4217
77,7384
77,996
77,5802
77,7899
77,3653
77,9953
77,736
77,5998
77,1746
77,1051
77,0188
77,2794
77,2734
77,4288
77,0729
77,0172
77,0052
77,8518
77,1544
77,2418
77,2386
77,0544
77,6228
78,983
77,1481
77,0198
77,4993
77,2711
78,061
77,0379
77,2222
77,4992
78,9996
77,1339
77,1832
77,2852
77,2012
77,2938
77,3477
77,057
77,0103
77,3016
78,3318
77,0239
77,5603
77,0862
77,1458
77,603
77,2702
77,0093
77,7019
77,1397
77,5301
77,1907
77,1622
77,0894
77,0936
77,0292
77,0192
77,1029
78,1914
78,3564
77,0619
77,445
77,5975
77,6384
